image: /home/gian/hri_project/maps/House_small2/map2.pgm
resolution: 0.057500
origin: [-29.500000, -22.100000, 0.000000]
negate: 0
occupied_thresh: 0.65
free_thresh: 0.196

