image: /home/gian/hri_project/maps/House/map.pgm
resolution: 0.062500
origin: [-32.000000, -24.000000, 0.000000]
negate: 0
occupied_thresh: 0.65
free_thresh: 0.196

